# Whites
antique_white         FAEBD7   250 235 215   0.9804 0.9216 0.8431
azure                 F0FFFF   240 255 255   0.9412 1.0000 1.0000
bisque                FFE4C4   255 228 196   1.0000 0.8941 0.7686
blanched_almond       FFEBCD   255 235 205   1.0000 0.9216 0.8039
cornsilk              FFF8DC   255 248 220   1.0000 0.9725 0.8627
eggshell              FCE6C9   252 230 201   0.9900 0.9000 0.7900
floral_white          FFFAF0   255 250 240   1.0000 0.9804 0.9412
gainsboro             DCDCDC   220 220 220   0.8627 0.8627 0.8627
ghost_white           F8F8FF   248 248 255   0.9725 0.9725 1.0000
honeydew              F0FFF0   240 255 240   0.9412 1.0000 0.9412
ivory                 FFFFF0   255 255 240   1.0000 1.0000 0.9412
lavender              E6E6FA   230 230 250   0.9020 0.9020 0.9804
lavender_blush        FFF0F5   255 240 245   1.0000 0.9412 0.9608
lemon_chiffon         FFFACD   255 250 205   1.0000 0.9804 0.8039
linen                 FAF0E6   250 240 230   0.9804 0.9412 0.9020
mint_cream            F5FFFA   245 255 250   0.9608 1.0000 0.9804
misty_rose            FFE4E1   255 228 225   1.0000 0.8941 0.8824
moccasin              FFE4B5   255 228 181   1.0000 0.8941 0.7098
navajo_white          FFDEAD   255 222 173   1.0000 0.8706 0.6784
old_lace              FDF5E6   253 245 230   0.9922 0.9608 0.9020
papaya_whip           FFEFD5   255 239 213   1.0000 0.9373 0.8353
peach_puff            FFDAB9   255 218 185   1.0000 0.8549 0.7255
seashell              FFF5EE   255 245 238   1.0000 0.9608 0.9333
snow                  FFFAFA   255 250 250   1.0000 0.9804 0.9804
thistle               D8BFD8   216 191 216   0.8471 0.7490 0.8471
titanium_white        FCFFF0   252 255 240   0.9900 1.0000 0.9400
wheat                 F5DEB3   245 222 179   0.9608 0.8706 0.7020
white                 FFFFFF   255 255 255   1.0000 1.0000 1.0000
white_smoke           F5F5F5   245 245 245   0.9608 0.9608 0.9608
zinc_white            FDF8FF   253 248 255   0.9900 0.9700 1.0000

# Greys
cold_grey             808A87   128 138 135   0.5000 0.5400 0.5300
dim_grey              696969   105 105 105   0.4118 0.4118 0.4118
grey                  C0C0C0   192 192 192   0.7529 0.7529 0.7529
light_grey            D3D3D3   211 211 211   0.8275 0.8275 0.8275
slate_grey            708090   112 128 144   0.4392 0.5020 0.5647
slate_grey_dark       2F4F4F    47  79  79   0.1843 0.3098 0.3098
slate_grey_light      778899   119 136 153   0.4667 0.5333 0.6000
warm_grey             808069   128 128 105   0.5000 0.5000 0.4100

# Blacks
black                 000000     0   0   0   0.0000 0.0000 0.0000
ivory_black           292421    41  36  33   0.1600 0.1400 0.1300
lamp_black            2E473B    46  71  59   0.1800 0.2800 0.2300

# Reds
alizarin_crimson      E32636   227  38  54   0.8900 0.1500 0.2100
brick                 9C661F   156 102  31   0.6100 0.4000 0.1200
cadmium_red_deep      E3170D   227  23  13   0.8900 0.0900 0.0500
coral                 FF7F50   255 127  80   1.0000 0.4980 0.3137
coral_light           F08080   240 128 128   0.9412 0.5020 0.5020
deep_pink             FF1493   255  20 147   1.0000 0.0784 0.5765
english_red           D43D1A   212  61  26   0.8300 0.2400 0.1000
firebrick             B22222   178  34  34   0.6980 0.1333 0.1333
geranium_lake         E31230   227  18  48   0.8900 0.0700 0.1900
hot_pink              FF69B4   255 105 180   1.0000 0.4118 0.7059
indian_red            B0171F   176  23  31   0.6900 0.0900 0.1200
light_salmon          FFA07A   255 160 122   1.0000 0.6275 0.4784
madder_lake_deep      E32E30   227  46  48   0.8900 0.1800 0.1900
maroon                B03060   176  48  96   0.6902 0.1882 0.3765
pink                  FFC0CB   255 192 203   1.0000 0.7529 0.7961
pink_light            FFB6C1   255 182 193   1.0000 0.7137 0.7569
raspberry             872657   135  38  87   0.5300 0.1500 0.3400
red                   FF0000   255   0   0   1.0000 0.0000 0.0000
rose_madder           E33638   227  54  56   0.8900 0.2100 0.2200
salmon                FA8072   250 128 114   0.9804 0.5020 0.4471
tomato                FF6347   255  99  71   1.0000 0.3882 0.2784
venetian_red          D41A1F   212  26  31   0.8300 0.1000 0.1200

# Browns
beige                 A39480   163 148 128   0.6400 0.5800 0.5000
brown                 802A2A   128  42  42   0.5000 0.1647 0.1647
brown_madder          DB2929   219  41  41   0.8600 0.1600 0.1600
brown_ochre           87421F   135  66  31   0.5300 0.2600 0.1200
burlywood             DEB887   222 184 135   0.8706 0.7216 0.5294
burnt_sienna          8A360F   138  54  15   0.5400 0.2100 0.0600
burnt_umber           8A3324   138  51  36   0.5400 0.2000 0.1400
chocolate             D2691E   210 105  30   0.8235 0.4118 0.1176
deep_ochre            733D1A   115  61  26   0.4500 0.2400 0.1000
flesh                 FF7D40   255 125  64   1.0000 0.4900 0.2500
flesh_ochre           FF5721   255  87  33   1.0000 0.3400 0.1300
gold_ochre            C77826   199 120  38   0.7800 0.4700 0.1500
greenish_umber        FF3D0D   255  61  13   1.0000 0.2400 0.0500
khaki                 F0E68C   240 230 140   0.9412 0.9020 0.5490
khaki_dark            BDB76B   189 183 107   0.7412 0.7176 0.4196
light_beige           F5F5DC   245 245 220   0.9608 0.9608 0.8627
peru                  CD853F   205 133  63   0.8039 0.5216 0.2471
rosy_brown            BC8F8F   188 143 143   0.7373 0.5608 0.5608
raw_sienna            C76114   199  97  20   0.7800 0.3800 0.0800
raw_umber             734A12   115  74  18   0.4500 0.2900 0.0700
sepia                 5E2612    94  38  18   0.3700 0.1500 0.0700
sienna                A0522D   160  82  45   0.6275 0.3216 0.1765
saddle_brown          8B4513   139  69  19   0.5451 0.2706 0.0745
sandy_brown           F4A460   244 164  96   0.9569 0.6431 0.3765
tan                   D2B48C   210 180 140   0.8235 0.7059 0.5490
van_dyke_brown        5E2605    94  38   5   0.3700 0.1500 0.0200

# Oranges
cadmium_orange        FF6103   255  97   3   1.0000 0.3800 0.0100
cadmium_red_light     FF030D   255   3  13   1.0000 0.0100 0.0500
carrot                ED9121   237 145  33   0.9300 0.5700 0.1300
dark_orange           FF8C00   255 140   0   1.0000 0.5490 0.0000
mars_orange           964514   150  69  20   0.5900 0.2700 0.0800
mars_yellow           E3701A   227 112  26   0.8900 0.4400 0.1000
orange                FF8000   255 128   0   1.0000 0.5000 0.0000
orange_red            FF4500   255  69   0   1.0000 0.2706 0.0000
yellow_ochre          E38217   227 130  23   0.8900 0.5100 0.0900

# Yellows
aureoline_yellow      FFA824   255 168  36   1.0000 0.6600 0.1400
banana                E3CF57   227 207  87   0.8900 0.8100 0.3400
cadmium_lemon         FFE303   255 227   3   1.0000 0.8900 0.0100
cadmium_yellow        FF9912   255 153  18   1.0000 0.6000 0.0700
cadmium_yellow_light  FFB00F   255 176  15   1.0000 0.6900 0.0600
gold                  FFD700   255 215   0   1.0000 0.8431 0.0000
goldenrod             DAA520   218 165  32   0.8549 0.6471 0.1255
goldenrod_dark        B8860B   184 134  11   0.7216 0.5255 0.0431
goldenrod_light       FAFAD2   250 250 210   0.9804 0.9804 0.8235
goldenrod_pale        EEE8AA   238 232 170   0.9333 0.9098 0.6667
light_goldenrod       EEDD82   238 221 130   0.9333 0.8667 0.5098
melon                 E3A869   227 168 105   0.8900 0.6600 0.4100
naples_yellow_deep    FFA812   255 168  18   1.0000 0.6600 0.0700
yellow                FFFF00   255 255   0   1.0000 1.0000 0.0000
yellow_light          FFFFE0   255 255 224   1.0000 1.0000 0.8784

# Greens
chartreuse            7FFF00   127 255   0   0.4980 1.0000 0.0000
chrome_oxide_green    668014   102 128  20   0.4000 0.5000 0.0800
cinnabar_green        61B329    97 179  41   0.3800 0.7000 0.1600
cobalt_green          3D9140    61 145  64   0.2400 0.5700 0.2500
emerald_green         00C957     0 201  87   0.0000 0.7900 0.3400
forest_green          228B22    34 139  34   0.1333 0.5451 0.1333
green                 00FF00     0 255   0   0.0000 1.0000 0.0000
green_dark            006400     0 100   0   0.0000 0.3922 0.0000
green_pale            98FB98   152 251 152   0.5961 0.9843 0.5961
green_yellow          ADFF2F   173 255  47   0.6784 1.0000 0.1843
lawn_green            7CFC00   124 252   0   0.4863 0.9882 0.0000
lime_green            32CD32    50 205  50   0.1961 0.8039 0.1961
mint                  BDFCC9   189 252 201   0.7400 0.9900 0.7900
olive                 3B5E2B    59  94  43   0.2300 0.3700 0.1700
olive_drab            6B8E23   107 142  35   0.4196 0.5569 0.1373
olive_green_dark      556B2F    85 107  47   0.3333 0.4196 0.1843
permanent_green       0AC92B    10 201  43   0.0400 0.7900 0.1700
sap_green             308014    48 128  20   0.1900 0.5000 0.0800
sea_green             2E8B57    46 139  87   0.1804 0.5451 0.3412
sea_green_dark        8FBC8F   143 188 143   0.5608 0.7373 0.5608
sea_green_medium      3CB371    60 179 113   0.2353 0.7020 0.4431
sea_green_light       20B2AA    32 178 170   0.1255 0.6980 0.6667
spring_green          00FF7F     0 255 127   0.0000 1.0000 0.4980
spring_green_medium   00FA9A     0 250 154   0.0000 0.9804 0.6039
terre_verte           385E0F    56  94  15   0.2200 0.3700 0.0600
viridian_light        6EFF70   110 255 112   0.4300 1.0000 0.4400
yellow_green          9ACD32   154 205  50   0.6039 0.8039 0.1961

# Cyans
aquamarine            7FFFD4   127 255 212   0.4980 1.0000 0.8314
aquamarine_medium     66CDAA   102 205 170   0.4000 0.8039 0.6667
cyan                  00FFFF     0 255 255   0.0000 1.0000 1.0000
cyan_white            E0FFFF   224 255 255   0.8784 1.0000 1.0000
turquoise             40E0D0    64 224 208   0.2510 0.8784 0.8157
turquoise_dark        00CED1     0 206 209   0.0000 0.8078 0.8196
turquoise_medium      48D1CC    72 209 204   0.2824 0.8196 0.8000
turquoise_pale        AFEEEE   175 238 238   0.6863 0.9333 0.9333

# Blues
alice_blue            F0F8FF   240 248 255   0.9412 0.9725 1.0000
blue                  0000FF     0   0 255   0.0000 0.0000 1.0000
blue_light            ADD8E6   173 216 230   0.6784 0.8471 0.9020
blue_medium           0000CD     0   0 205   0.0000 0.0000 0.8039
cadet                 5F9EA0    95 158 160   0.3725 0.6196 0.6275
cobalt                3D59AB    61  89 171   0.2400 0.3500 0.6700
cornflower            6495ED   100 149 237   0.3922 0.5843 0.9294
cerulean              05B8CC     5 184 204   0.0200 0.7200 0.8000
dodger_blue           1E90FF    30 144 255   0.1176 0.5647 1.0000
indigo                2E0854    46   8  84   0.1800 0.0300 0.3300
manganese_blue        03A89E     3 168 158   0.0100 0.6600 0.6200
midnight_blue         191970    25  25 112   0.0980 0.0980 0.4392
navy                  000080     0   0 128   0.0000 0.0000 0.5020
peacock               33A1C9    51 161 201   0.2000 0.6300 0.7900
powder_blue           B0E0E6   176 224 230   0.6902 0.8784 0.9020
royal_blue            4169E1    65 105 225   0.2549 0.4118 0.8824
slate_blue            6A5ACD   106  90 205   0.4157 0.3529 0.8039
slate_blue_dark       483D8B    72  61 139   0.2824 0.2392 0.5451
slate_blue_light      8470FF   132 112 255   0.5176 0.4392 1.0000
slate_blue_medium     7B68EE   123 104 238   0.4824 0.4078 0.9333
sky_blue              87CEEB   135 206 235   0.5294 0.8078 0.9216
sky_blue_deep         00BFFF     0 191 255   0.0000 0.7490 1.0000
sky_blue_light        87CEFA   135 206 250   0.5294 0.8078 0.9804
steel_blue            4682B4    70 130 180   0.2745 0.5098 0.7059
steel_blue_light      B0C4DE   176 196 222   0.6902 0.7686 0.8706
turquoise_blue        00C78C     0 199 140   0.0000 0.7800 0.5500
ultramarine           120A8F    18  10 143   0.0700 0.0400 0.5600

# Magentas
blue_violet           8A2BE2   138  43 226   0.5412 0.1686 0.8863
cobalt_violet_deep    91219E   145  33 158   0.5700 0.1300 0.6200
magenta               FF00FF   255   0 255   1.0000 0.0000 1.0000
orchid                DA70D6   218 112 214   0.8549 0.4392 0.8392
orchid_dark           9932CC   153  50 204   0.6000 0.1961 0.8000
orchid_medium         BA55D3   186  85 211   0.7294 0.3333 0.8275
permanent_red_violet  DB2645   219  38  69   0.8600 0.1500 0.2700
plum                  DDA0DD   221 160 221   0.8667 0.6275 0.8667
purple                A020F0   160  32 240   0.6275 0.1255 0.9412
purple_medium         9370DB   147 112 219   0.5765 0.4392 0.8588
ultramarine_violet    5C246E    92  36 110   0.3600 0.1400 0.4300
violet                8F5E99   143  94 153   0.5600 0.3700 0.6000
violet_dark           9400D3   148   0 211   0.5804 0.0000 0.8275
violet_red            D02090   208  32 144   0.8157 0.1255 0.5647
violet_red_medium     C71585   199  21 133   0.7804 0.0824 0.5216
violet_red_pale       DB7093   219 112 147   0.8588 0.4392 0.5765
